0 0 0 0 0 0 0 0 0 0 0 0 0 0 0 0 0 0 0 0 0
0 0 0 0 0 0 0 0 1 0 0 0 0 0 0 0 0 0 0 0 0
0 0 0 0 1 0 0 0 0 0 0 0 0 0 0 0 0 1 0 0 0
0 0 0 1 2 1 0 0 0 0 0 0 2 0 0 0 0 0 0 0 0
0 0 0 0 1 0 0 0 0 0 1 2 3 2 1 0 0 0 0 0 0
0 0 0 0 0 0 0 0 0 0 1 2 A 2 1 0 0 0 0 0 0
0 0 0 0 0 0 0 0 0 0 0 0 2 0 0 0 0 0 0 0 0
0 0 0 4 0 1 0 0 0 0 0 0 0 0 0 0 0 1 0 0 0
0 0 0 0 0 0 0 0 3 0 3 0 3 0 0 0 1 2 1 0 0
0 0 0 0 0 0 0 0 0 4 4 4 0 0 0 0 0 1 0 0 0
0 0 1 0 0 0 0 0 3 4 A 4 3 0 0 0 0 0 0 0 0
0 0 0 0 0 0 0 0 0 4 4 4 0 0 0 1 0 0 0 0 0
0 0 0 0 0 1 0 0 3 0 3 0 3 0 0 0 0 0 0 0 0
0 0 1 0 0 0 0 0 0 0 0 0 0 0 0 0 0 0 0 0 0
0 1 2 1 0 0 0 0 0 2 0 0 0 0 0 0 0 0 0 1 0
0 0 1 0 0 0 0 0 0 0 0 0 0 0 1 0 0 0 0 0 0
0 0 0 0 0 0 2 0 0 0 0 0 0 1 2 1 0 0 0 0 0
0 0 0 0 1 2 3 2 1 0 0 0 0 0 1 0 0 0 0 0 0
0 1 0 0 1 1 A 2 1 0 0 1 0 0 0 0 0 0 3 0 0
0 0 0 0 0 0 2 0 0 0 0 0 0 0 0 0 0 0 0 0 0
0 0 0 0 0 0 0 0 0 0 0 0 0 0 0 0 0 0 0 0 0


image: random stars w/ snow flurries
numbers = hits required to break
A = angel block