21 21
0 1 1 1 1 1 1 1 0 0 0 0 0 0 0 0 0 0 0 0 0
0 0 5 5 B 5 5 0 0 0 0 0 0 0 0 0 0 2 2 0 0
0 0 4 4 B 4 4 0 0 0 0 0 0 0 0 0 2 A B 2 0
0 0 0 3 B 3 0 0 0 0 0 0 0 0 0 0 2 B A 2 0
0 0 0 2 2 2 0 0 0 0 0 0 0 A 0 0 0 2 2 0 0
0 0 0 2 1 2 0 2 0 0 0 0 0 A 2 0 0 0 0 0 0
0 0 0 0 1 0 0 2 0 0 0 5 A 2 2 5 0 0 0 0 0
0 0 0 0 1 0 0 2 2 2 1 5 3 3 3 5 B B 0 0 0
0 0 0 0 0 0 0 2 0 2 0 5 5 5 5 5 B B B 0 0
0 0 0 0 0 0 0 0 0 0 0 0 0 0 0 0 0 B B B 0
0 0 0 0 0 0 0 0 0 0 0 0 0 0 1 0 0 0 0 0 0
0 0 0 0 A 0 0 0 0 0 0 0 1 1 3 1 1 0 0 0 0
0 0 0 0 3 0 0 0 0 0 1 1 3 3 A 3 3 1 1 0 0
0 0 0 3 B 3 0 0 0 0 3 3 3 3 3 3 3 3 3 0 0
0 0 0 3 3 3 0 0 0 0 2 2 2 2 2 2 2 2 2 0 0
0 0 3 B 3 A 3 0 0 0 2 2 2 4 4 4 2 2 2 0 0
0 0 3 3 3 3 3 0 0 0 2 1 2 4 B 4 2 1 2 0 0
0 3 A 3 2 3 B 3 0 0 2 2 2 4 4 4 2 2 2 0 0
0 3 3 3 2 3 3 3 0 0 2 2 2 4 4 4 2 2 2 0 0
0 0 0 0 2 0 0 0 0 0 2 2 2 2 2 2 2 2 2 0 0
0 0 0 0 0 0 0 0 0 0 0 0 0 0 0 0 0 0 0 0 0